929 133 178 305 
928 135 175 305 
924 134 172 306 
925 133 172 313 
927 136 166 309 
915 137 166 319 
922 136 164 315 
927 133 174 270 
931 132 189 315 
930 133 183 299 
924 133 183 304 
923 133 184 311 
927 136 177 304 
922 136 178 309 
915 135 174 321 
927 130 186 294 
931 131 188 312 
928 133 184 304 
924 133 183 301 
922 133 185 308 
924 135 182 306 
917 133 185 316 
906 131 186 332 
929 128 193 302 
930 131 188 312 
924 132 187 312 
920 133 185 305 
918 133 187 310 
919 132 188 309 
910 130 194 323 
903 129 197 334 
931 130 191 297 
932 133 184 308 
927 133 185 306 
926 135 183 296 
922 133 188 301 
924 135 187 302 
919 134 192 310 
921 135 193 309 
932 139 181 273 
934 137 180 296 
929 136 181 303 
929 138 179 292 
928 137 183 294 
933 139 181 293 
936 141 180 291 
947 146 177 278 
53 122 138 222 
55 122 132 206 
54 121 136 209 
58 121 136 210 
57 124 135 205 
47 123 143 216 
53 123 135 219 
57 123 132 206 
54 122 135 211 
56 122 135 213 
59 124 132 203 
57 126 134 201 
55 121 134 214 
58 122 134 207 
55 122 134 208 
59 124 132 206 
60 126 128 201 
65 127 127 192 
56 122 133 220 
58 123 131 213 
57 123 132 208 
60 124 131 207 
63 126 126 200 
61 125 127 198 
772 119 68 121 
770 119 69 120 
766 118 71 122 
772 121 62 119 
771 120 63 118 
772 120 63 113 
772 121 61 117 
773 121 62 114 
771 121 63 114 
